2021/10/27-11:04:58.636612 116c47e00 RocksDB version: 6.26.0
2021/10/27-11:04:58.637490 116c47e00 Git sha e970248602f9efd193a5d2d65427003766dd56d0
2021/10/27-11:04:58.637495 116c47e00 Compile date 2021-10-22 10:12:09
2021/10/27-11:04:58.637497 116c47e00 DB SUMMARY
2021/10/27-11:04:58.637499 116c47e00 DB Session ID:  Y6ZYOEOUBHZXS4ZY7LQT
2021/10/27-11:04:58.637620 116c47e00 CURRENT file:  CURRENT
2021/10/27-11:04:58.637624 116c47e00 IDENTITY file:  IDENTITY
2021/10/27-11:04:58.637631 116c47e00 MANIFEST file:  MANIFEST-000020 size: 262 Bytes
2021/10/27-11:04:58.637634 116c47e00 SST files in ./rocksdb dir, Total Num: 3, files: 000008.sst 000016.sst 000024.sst 
2021/10/27-11:04:58.637636 116c47e00 Write Ahead Log file in ./rocksdb: 000021.log size: 0 ; 
2021/10/27-11:04:58.637638 116c47e00                         Options.error_if_exists: 0
2021/10/27-11:04:58.637640 116c47e00                       Options.create_if_missing: 1
2021/10/27-11:04:58.637641 116c47e00                         Options.paranoid_checks: 1
2021/10/27-11:04:58.637643 116c47e00             Options.flush_verify_memtable_count: 1
2021/10/27-11:04:58.637644 116c47e00                               Options.track_and_verify_wals_in_manifest: 0
2021/10/27-11:04:58.637645 116c47e00                                     Options.env: 0x108379ae8
2021/10/27-11:04:58.637647 116c47e00                                      Options.fs: Posix File System
2021/10/27-11:04:58.637649 116c47e00                                Options.info_log: 0x10a08e460
2021/10/27-11:04:58.637650 116c47e00                Options.max_file_opening_threads: 16
2021/10/27-11:04:58.637652 116c47e00                              Options.statistics: 0x0
2021/10/27-11:04:58.637653 116c47e00                               Options.use_fsync: 0
2021/10/27-11:04:58.637654 116c47e00                       Options.max_log_file_size: 0
2021/10/27-11:04:58.637656 116c47e00                  Options.max_manifest_file_size: 1073741824
2021/10/27-11:04:58.637657 116c47e00                   Options.log_file_time_to_roll: 0
2021/10/27-11:04:58.637658 116c47e00                       Options.keep_log_file_num: 1000
2021/10/27-11:04:58.637660 116c47e00                    Options.recycle_log_file_num: 0
2021/10/27-11:04:58.637661 116c47e00                         Options.allow_fallocate: 1
2021/10/27-11:04:58.637663 116c47e00                        Options.allow_mmap_reads: 0
2021/10/27-11:04:58.637664 116c47e00                       Options.allow_mmap_writes: 0
2021/10/27-11:04:58.637665 116c47e00                        Options.use_direct_reads: 0
2021/10/27-11:04:58.637666 116c47e00                        Options.use_direct_io_for_flush_and_compaction: 0
2021/10/27-11:04:58.637668 116c47e00          Options.create_missing_column_families: 0
2021/10/27-11:04:58.637669 116c47e00                              Options.db_log_dir: 
2021/10/27-11:04:58.637670 116c47e00                                 Options.wal_dir: 
2021/10/27-11:04:58.637672 116c47e00                Options.table_cache_numshardbits: 6
2021/10/27-11:04:58.637673 116c47e00                         Options.WAL_ttl_seconds: 0
2021/10/27-11:04:58.637674 116c47e00                       Options.WAL_size_limit_MB: 0
2021/10/27-11:04:58.637676 116c47e00                        Options.max_write_batch_group_size_bytes: 1048576
2021/10/27-11:04:58.637677 116c47e00             Options.manifest_preallocation_size: 4194304
2021/10/27-11:04:58.637678 116c47e00                     Options.is_fd_close_on_exec: 1
2021/10/27-11:04:58.637680 116c47e00                   Options.advise_random_on_open: 1
2021/10/27-11:04:58.637681 116c47e00                   Options.experimental_mempurge_threshold: 0.000000
2021/10/27-11:04:58.637685 116c47e00                    Options.db_write_buffer_size: 0
2021/10/27-11:04:58.637686 116c47e00                    Options.write_buffer_manager: 0x108b49320
2021/10/27-11:04:58.637688 116c47e00         Options.access_hint_on_compaction_start: 1
2021/10/27-11:04:58.637689 116c47e00  Options.new_table_reader_for_compaction_inputs: 0
2021/10/27-11:04:58.637690 116c47e00           Options.random_access_max_buffer_size: 1048576
2021/10/27-11:04:58.637726 116c47e00                      Options.use_adaptive_mutex: 0
2021/10/27-11:04:58.637728 116c47e00                            Options.rate_limiter: 0x0
2021/10/27-11:04:58.637730 116c47e00     Options.sst_file_manager.rate_bytes_per_sec: 0
2021/10/27-11:04:58.637731 116c47e00                       Options.wal_recovery_mode: 2
2021/10/27-11:04:58.637732 116c47e00                  Options.enable_thread_tracking: 0
2021/10/27-11:04:58.637734 116c47e00                  Options.enable_pipelined_write: 0
2021/10/27-11:04:58.637735 116c47e00                  Options.unordered_write: 0
2021/10/27-11:04:58.637736 116c47e00         Options.allow_concurrent_memtable_write: 1
2021/10/27-11:04:58.637738 116c47e00      Options.enable_write_thread_adaptive_yield: 1
2021/10/27-11:04:58.637739 116c47e00             Options.write_thread_max_yield_usec: 100
2021/10/27-11:04:58.637740 116c47e00            Options.write_thread_slow_yield_usec: 3
2021/10/27-11:04:58.637742 116c47e00                               Options.row_cache: None
2021/10/27-11:04:58.637743 116c47e00                              Options.wal_filter: None
2021/10/27-11:04:58.637745 116c47e00             Options.avoid_flush_during_recovery: 0
2021/10/27-11:04:58.637746 116c47e00             Options.allow_ingest_behind: 0
2021/10/27-11:04:58.637747 116c47e00             Options.preserve_deletes: 0
2021/10/27-11:04:58.637749 116c47e00             Options.two_write_queues: 0
2021/10/27-11:04:58.637750 116c47e00             Options.manual_wal_flush: 0
2021/10/27-11:04:58.637751 116c47e00             Options.atomic_flush: 0
2021/10/27-11:04:58.637752 116c47e00             Options.avoid_unnecessary_blocking_io: 0
2021/10/27-11:04:58.637754 116c47e00                 Options.persist_stats_to_disk: 0
2021/10/27-11:04:58.637755 116c47e00                 Options.write_dbid_to_manifest: 0
2021/10/27-11:04:58.637757 116c47e00                 Options.log_readahead_size: 0
2021/10/27-11:04:58.637758 116c47e00                 Options.file_checksum_gen_factory: Unknown
2021/10/27-11:04:58.637759 116c47e00                 Options.best_efforts_recovery: 0
2021/10/27-11:04:58.637761 116c47e00                Options.max_bgerror_resume_count: 2147483647
2021/10/27-11:04:58.637762 116c47e00            Options.bgerror_resume_retry_interval: 1000000
2021/10/27-11:04:58.637764 116c47e00             Options.allow_data_in_errors: 0
2021/10/27-11:04:58.637765 116c47e00             Options.db_host_id: __hostname__
2021/10/27-11:04:58.637766 116c47e00             Options.max_background_jobs: 16
2021/10/27-11:04:58.637768 116c47e00             Options.max_background_compactions: -1
2021/10/27-11:04:58.637769 116c47e00             Options.max_subcompactions: 1
2021/10/27-11:04:58.637771 116c47e00             Options.avoid_flush_during_shutdown: 0
2021/10/27-11:04:58.637772 116c47e00           Options.writable_file_max_buffer_size: 1048576
2021/10/27-11:04:58.637773 116c47e00             Options.delayed_write_rate : 16777216
2021/10/27-11:04:58.637775 116c47e00             Options.max_total_wal_size: 0
2021/10/27-11:04:58.637776 116c47e00             Options.delete_obsolete_files_period_micros: 21600000000
2021/10/27-11:04:58.637778 116c47e00                   Options.stats_dump_period_sec: 600
2021/10/27-11:04:58.637779 116c47e00                 Options.stats_persist_period_sec: 600
2021/10/27-11:04:58.637780 116c47e00                 Options.stats_history_buffer_size: 1048576
2021/10/27-11:04:58.637782 116c47e00                          Options.max_open_files: -1
2021/10/27-11:04:58.637783 116c47e00                          Options.bytes_per_sync: 0
2021/10/27-11:04:58.637785 116c47e00                      Options.wal_bytes_per_sync: 0
2021/10/27-11:04:58.637786 116c47e00                   Options.strict_bytes_per_sync: 0
2021/10/27-11:04:58.637787 116c47e00       Options.compaction_readahead_size: 0
2021/10/27-11:04:58.637788 116c47e00                  Options.max_background_flushes: -1
2021/10/27-11:04:58.637790 116c47e00 Compression algorithms supported:
2021/10/27-11:04:58.637799 116c47e00 	kZSTD supported: 1
2021/10/27-11:04:58.637823 116c47e00 	kZlibCompression supported: 1
2021/10/27-11:04:58.637825 116c47e00 	kXpressCompression supported: 0
2021/10/27-11:04:58.637826 116c47e00 	kSnappyCompression supported: 1
2021/10/27-11:04:58.637828 116c47e00 	kZSTDNotFinalCompression supported: 1
2021/10/27-11:04:58.637829 116c47e00 	kLZ4HCCompression supported: 1
2021/10/27-11:04:58.637831 116c47e00 	kLZ4Compression supported: 1
2021/10/27-11:04:58.637832 116c47e00 	kBZip2Compression supported: 1
2021/10/27-11:04:58.637837 116c47e00 Fast CRC32 supported: Supported on x86
2021/10/27-11:04:58.638523 116c47e00 [/version_set.cc:4848] Recovering from manifest file: ./rocksdb/MANIFEST-000020
2021/10/27-11:04:58.638680 116c47e00 [/column_family.cc:611] --------------- Options for column family [default]:
2021/10/27-11:04:58.638685 116c47e00               Options.comparator: leveldb.BytewiseComparator
2021/10/27-11:04:58.638687 116c47e00           Options.merge_operator: None
2021/10/27-11:04:58.638689 116c47e00        Options.compaction_filter: None
2021/10/27-11:04:58.638690 116c47e00        Options.compaction_filter_factory: None
2021/10/27-11:04:58.638691 116c47e00  Options.sst_partitioner_factory: None
2021/10/27-11:04:58.638693 116c47e00         Options.memtable_factory: SkipListFactory
2021/10/27-11:04:58.638694 116c47e00            Options.table_factory: BlockBasedTable
2021/10/27-11:04:58.638732 116c47e00            table_factory options:   flush_block_policy_factory: FlushBlockBySizePolicyFactory (0x108b34ca0)
  cache_index_and_filter_blocks: 0
  cache_index_and_filter_blocks_with_high_priority: 1
  pin_l0_filter_and_index_blocks_in_cache: 0
  pin_top_level_index_and_filter: 1
  index_type: 0
  data_block_index_type: 0
  index_shortening: 1
  data_block_hash_table_util_ratio: 0.750000
  hash_index_allow_collision: 1
  checksum: 1
  no_block_cache: 0
  block_cache: 0x108af6798
  block_cache_name: LRUCache
  block_cache_options:
    capacity : 8388608
    num_shard_bits : 4
    strict_capacity_limit : 0
    memory_allocator : None
    high_pri_pool_ratio: 0.000
  block_cache_compressed: 0x0
  persistent_cache: 0x0
  block_size: 4096
  block_size_deviation: 10
  block_restart_interval: 16
  index_block_restart_interval: 1
  metadata_block_size: 4096
  partition_filters: 0
  use_delta_encoding: 1
  filter_policy: nullptr
  whole_key_filtering: 1
  verify_compression: 0
  read_amp_bytes_per_bit: 0
  format_version: 5
  enable_index_compression: 1
  block_align: 0
  max_auto_readahead_size: 262144
  prepopulate_block_cache: 0
2021/10/27-11:04:58.638742 116c47e00        Options.write_buffer_size: 134217728
2021/10/27-11:04:58.638744 116c47e00  Options.max_write_buffer_number: 6
2021/10/27-11:04:58.638745 116c47e00        Options.compression[0]: NoCompression
2021/10/27-11:04:58.638747 116c47e00        Options.compression[1]: NoCompression
2021/10/27-11:04:58.638748 116c47e00        Options.compression[2]: LZ4
2021/10/27-11:04:58.638750 116c47e00        Options.compression[3]: LZ4
2021/10/27-11:04:58.638751 116c47e00        Options.compression[4]: LZ4
2021/10/27-11:04:58.638752 116c47e00        Options.compression[5]: LZ4
2021/10/27-11:04:58.638754 116c47e00        Options.compression[6]: LZ4
2021/10/27-11:04:58.638755 116c47e00                  Options.bottommost_compression: Disabled
2021/10/27-11:04:58.638756 116c47e00       Options.prefix_extractor: nullptr
2021/10/27-11:04:58.638758 116c47e00   Options.memtable_insert_with_hint_prefix_extractor: nullptr
2021/10/27-11:04:58.638759 116c47e00             Options.num_levels: 7
2021/10/27-11:04:58.638761 116c47e00        Options.min_write_buffer_number_to_merge: 2
2021/10/27-11:04:58.638762 116c47e00     Options.max_write_buffer_number_to_maintain: 0
2021/10/27-11:04:58.638763 116c47e00     Options.max_write_buffer_size_to_maintain: 0
2021/10/27-11:04:58.638765 116c47e00            Options.bottommost_compression_opts.window_bits: -14
2021/10/27-11:04:58.638766 116c47e00                  Options.bottommost_compression_opts.level: 32767
2021/10/27-11:04:58.638768 116c47e00               Options.bottommost_compression_opts.strategy: 0
2021/10/27-11:04:58.638826 116c47e00         Options.bottommost_compression_opts.max_dict_bytes: 0
2021/10/27-11:04:58.638829 116c47e00         Options.bottommost_compression_opts.zstd_max_train_bytes: 0
2021/10/27-11:04:58.638830 116c47e00         Options.bottommost_compression_opts.parallel_threads: 1
2021/10/27-11:04:58.638832 116c47e00                  Options.bottommost_compression_opts.enabled: false
2021/10/27-11:04:58.638833 116c47e00         Options.bottommost_compression_opts.max_dict_buffer_bytes: 0
2021/10/27-11:04:58.638835 116c47e00            Options.compression_opts.window_bits: -14
2021/10/27-11:04:58.638836 116c47e00                  Options.compression_opts.level: 32767
2021/10/27-11:04:58.638838 116c47e00               Options.compression_opts.strategy: 0
2021/10/27-11:04:58.638839 116c47e00         Options.compression_opts.max_dict_bytes: 0
2021/10/27-11:04:58.638840 116c47e00         Options.compression_opts.zstd_max_train_bytes: 0
2021/10/27-11:04:58.638842 116c47e00         Options.compression_opts.parallel_threads: 1
2021/10/27-11:04:58.638843 116c47e00                  Options.compression_opts.enabled: false
2021/10/27-11:04:58.638844 116c47e00         Options.compression_opts.max_dict_buffer_bytes: 0
2021/10/27-11:04:58.638846 116c47e00      Options.level0_file_num_compaction_trigger: 2
2021/10/27-11:04:58.638847 116c47e00          Options.level0_slowdown_writes_trigger: 20
2021/10/27-11:04:58.638848 116c47e00              Options.level0_stop_writes_trigger: 36
2021/10/27-11:04:58.638850 116c47e00                   Options.target_file_size_base: 67108864
2021/10/27-11:04:58.638851 116c47e00             Options.target_file_size_multiplier: 1
2021/10/27-11:04:58.638852 116c47e00                Options.max_bytes_for_level_base: 536870912
2021/10/27-11:04:58.638854 116c47e00 Options.level_compaction_dynamic_level_bytes: 0
2021/10/27-11:04:58.638855 116c47e00          Options.max_bytes_for_level_multiplier: 10.000000
2021/10/27-11:04:58.638857 116c47e00 Options.max_bytes_for_level_multiplier_addtl[0]: 1
2021/10/27-11:04:58.638859 116c47e00 Options.max_bytes_for_level_multiplier_addtl[1]: 1
2021/10/27-11:04:58.638860 116c47e00 Options.max_bytes_for_level_multiplier_addtl[2]: 1
2021/10/27-11:04:58.638861 116c47e00 Options.max_bytes_for_level_multiplier_addtl[3]: 1
2021/10/27-11:04:58.638863 116c47e00 Options.max_bytes_for_level_multiplier_addtl[4]: 1
2021/10/27-11:04:58.638864 116c47e00 Options.max_bytes_for_level_multiplier_addtl[5]: 1
2021/10/27-11:04:58.638865 116c47e00 Options.max_bytes_for_level_multiplier_addtl[6]: 1
2021/10/27-11:04:58.638867 116c47e00       Options.max_sequential_skip_in_iterations: 8
2021/10/27-11:04:58.638868 116c47e00                    Options.max_compaction_bytes: 1677721600
2021/10/27-11:04:58.638870 116c47e00                        Options.arena_block_size: 1048576
2021/10/27-11:04:58.638871 116c47e00   Options.soft_pending_compaction_bytes_limit: 68719476736
2021/10/27-11:04:58.638873 116c47e00   Options.hard_pending_compaction_bytes_limit: 274877906944
2021/10/27-11:04:58.638874 116c47e00       Options.rate_limit_delay_max_milliseconds: 100
2021/10/27-11:04:58.638875 116c47e00                Options.disable_auto_compactions: 0
2021/10/27-11:04:58.638877 116c47e00                        Options.compaction_style: kCompactionStyleLevel
2021/10/27-11:04:58.638879 116c47e00                          Options.compaction_pri: kMinOverlappingRatio
2021/10/27-11:04:58.638880 116c47e00 Options.compaction_options_universal.size_ratio: 1
2021/10/27-11:04:58.638881 116c47e00 Options.compaction_options_universal.min_merge_width: 2
2021/10/27-11:04:58.638883 116c47e00 Options.compaction_options_universal.max_merge_width: 4294967295
2021/10/27-11:04:58.638884 116c47e00 Options.compaction_options_universal.max_size_amplification_percent: 200
2021/10/27-11:04:58.638886 116c47e00 Options.compaction_options_universal.compression_size_percent: -1
2021/10/27-11:04:58.638888 116c47e00 Options.compaction_options_universal.stop_style: kCompactionStopStyleTotalSize
2021/10/27-11:04:58.638911 116c47e00 Options.compaction_options_fifo.max_table_files_size: 1073741824
2021/10/27-11:04:58.638913 116c47e00 Options.compaction_options_fifo.allow_compaction: 0
2021/10/27-11:04:58.638916 116c47e00                   Options.table_properties_collectors: 
2021/10/27-11:04:58.638917 116c47e00                   Options.inplace_update_support: 0
2021/10/27-11:04:58.638918 116c47e00                 Options.inplace_update_num_locks: 10000
2021/10/27-11:04:58.638920 116c47e00               Options.memtable_prefix_bloom_size_ratio: 0.000000
2021/10/27-11:04:58.638922 116c47e00               Options.memtable_whole_key_filtering: 0
2021/10/27-11:04:58.638923 116c47e00   Options.memtable_huge_page_size: 0
2021/10/27-11:04:58.638924 116c47e00                           Options.bloom_locality: 0
2021/10/27-11:04:58.638926 116c47e00                    Options.max_successive_merges: 0
2021/10/27-11:04:58.638927 116c47e00                Options.optimize_filters_for_hits: 0
2021/10/27-11:04:58.638928 116c47e00                Options.paranoid_file_checks: 0
2021/10/27-11:04:58.638930 116c47e00                Options.force_consistency_checks: 1
2021/10/27-11:04:58.638931 116c47e00                Options.report_bg_io_stats: 0
2021/10/27-11:04:58.638932 116c47e00                               Options.ttl: 2592000
2021/10/27-11:04:58.638934 116c47e00          Options.periodic_compaction_seconds: 0
2021/10/27-11:04:58.638935 116c47e00                       Options.enable_blob_files: false
2021/10/27-11:04:58.638937 116c47e00                           Options.min_blob_size: 0
2021/10/27-11:04:58.638938 116c47e00                          Options.blob_file_size: 268435456
2021/10/27-11:04:58.638939 116c47e00                   Options.blob_compression_type: NoCompression
2021/10/27-11:04:58.638941 116c47e00          Options.enable_blob_garbage_collection: false
2021/10/27-11:04:58.638942 116c47e00      Options.blob_garbage_collection_age_cutoff: 0.250000
2021/10/27-11:04:58.638944 116c47e00 Options.blob_garbage_collection_force_threshold: 1.000000
2021/10/27-11:04:58.640945 116c47e00 [/version_set.cc:4896] Recovered from manifest file:./rocksdb/MANIFEST-000020 succeeded,manifest_file_number is 20, next_file_number is 26, last_sequence is 2, log_number is 14,prev_log_number is 0,max_column_family is 0,min_log_number_to_keep is 0
2021/10/27-11:04:58.640998 116c47e00 [/version_set.cc:4905] Column family [default] (ID 0), log number is 14
2021/10/27-11:04:58.641534 116c47e00 [/version_set.cc:4386] Creating manifest 27
2021/10/27-11:04:58.643046 116c47e00 EVENT_LOG_v1 {"time_micros": 1635321898643028, "job": 1, "event": "recovery_started", "wal_files": [21]}
2021/10/27-11:04:58.643054 116c47e00 [/db_impl/db_impl_open.cc:878] Recovering log #21 mode 2
2021/10/27-11:04:58.643111 116c47e00 [/version_set.cc:4386] Creating manifest 28
2021/10/27-11:04:58.644749 116c47e00 EVENT_LOG_v1 {"time_micros": 1635321898644741, "job": 1, "event": "recovery_finished"}
2021/10/27-11:04:58.645539 116c47e00 [le/delete_scheduler.cc:77] Deleted file ./rocksdb/000021.log immediately, rate_bytes_per_sec 0, total_trash_size 0 max_trash_db_ratio 0.250000
2021/10/27-11:04:58.647587 116c47e00 [/db_impl/db_impl_open.cc:1787] SstFileManager instance 0x108b14a80
2021/10/27-11:04:58.647658 116c47e00 DB pointer 0x108b26800
2021/10/27-11:04:58.648083 70000c80f000 [/db_impl/db_impl.cc:1005] ------- DUMPING STATS -------
2021/10/27-11:04:58.648092 70000c80f000 [/db_impl/db_impl.cc:1006] 
** DB Stats **
Uptime(secs): 0.0 total, 0.0 interval
Cumulative writes: 0 writes, 0 keys, 0 commit groups, 0.0 writes per commit group, ingest: 0.00 GB, 0.00 MB/s
Cumulative WAL: 0 writes, 0 syncs, 0.00 writes per sync, written: 0.00 GB, 0.00 MB/s
Cumulative stall: 00:00:0.000 H:M:S, 0.0 percent
Interval writes: 0 writes, 0 keys, 0 commit groups, 0.0 writes per commit group, ingest: 0.00 MB, 0.00 MB/s
Interval WAL: 0 writes, 0 syncs, 0.00 writes per sync, written: 0.00 GB, 0.00 MB/s
Interval stall: 00:00:0.000 H:M:S, 0.0 percent

** Compaction Stats [default] **
Level    Files   Size     Score Read(GB)  Rn(GB) Rnp1(GB) Write(GB) Wnew(GB) Moved(GB) W-Amp Rd(MB/s) Wr(MB/s) Comp(sec) CompMergeCPU(sec) Comp(cnt) Avg(sec) KeyIn KeyDrop Rblob(GB) Wblob(GB)
------------------------------------------------------------------------------------------------------------------------------------------------------------------------------------------------
  L4      1/0    0.94 KB   0.0      0.0     0.0      0.0       0.0      0.0       0.0   0.0      0.0      0.0      0.00              0.00         0    0.000       0      0       0.0       0.0
  L5      1/0    0.94 KB   0.0      0.0     0.0      0.0       0.0      0.0       0.0   0.0      0.0      0.0      0.00              0.00         0    0.000       0      0       0.0       0.0
  L6      1/0    0.94 KB   0.0      0.0     0.0      0.0       0.0      0.0       0.0   0.0      0.0      0.0      0.00              0.00         0    0.000       0      0       0.0       0.0
 Sum      3/0    2.83 KB   0.0      0.0     0.0      0.0       0.0      0.0       0.0   0.0      0.0      0.0      0.00              0.00         0    0.000       0      0       0.0       0.0
 Int      0/0    0.00 KB   0.0      0.0     0.0      0.0       0.0      0.0       0.0   0.0      0.0      0.0      0.00              0.00         0    0.000       0      0       0.0       0.0

** Compaction Stats [default] **
Priority    Files   Size     Score Read(GB)  Rn(GB) Rnp1(GB) Write(GB) Wnew(GB) Moved(GB) W-Amp Rd(MB/s) Wr(MB/s) Comp(sec) CompMergeCPU(sec) Comp(cnt) Avg(sec) KeyIn KeyDrop Rblob(GB) Wblob(GB)
---------------------------------------------------------------------------------------------------------------------------------------------------------------------------------------------------

Blob file count: 0, total size: 0.0 GB

Uptime(secs): 0.0 total, 0.0 interval
Flush(GB): cumulative 0.000, interval 0.000
AddFile(GB): cumulative 0.000, interval 0.000
AddFile(Total Files): cumulative 0, interval 0
AddFile(L0 Files): cumulative 0, interval 0
AddFile(Keys): cumulative 0, interval 0
Cumulative compaction: 0.00 GB write, 0.00 MB/s write, 0.00 GB read, 0.00 MB/s read, 0.0 seconds
Interval compaction: 0.00 GB write, 0.00 MB/s write, 0.00 GB read, 0.00 MB/s read, 0.0 seconds
Stalls(count): 0 level0_slowdown, 0 level0_slowdown_with_compaction, 0 level0_numfiles, 0 level0_numfiles_with_compaction, 0 stop for pending_compaction_bytes, 0 slowdown for pending_compaction_bytes, 0 memtable_compaction, 0 memtable_slowdown, interval 0 total count
Block cache LRUCache@0x108af6798#7030 capacity: 8.00 MB collections: 1 last_copies: 0 last_secs: 7.4e-05 secs_since: 0
Block cache entry stats(count,size,portion): Misc(1,0.00 KB,0%)

** File Read Latency Histogram By Level [default] **
2021/10/27-11:04:58.649857 116c47e00 [/external_sst_file_ingestion_job.cc:487] [AddFile] External SST file ./u1.sst was ingested in L3 with path ./rocksdb/000032.sst (global_seqno=3)
2021/10/27-11:04:58.649870 116c47e00 EVENT_LOG_v1 {"time_micros": 1635321898649847, "event": "ingest_finished", "files_ingested": ["file", "./rocksdb/000032.sst", "level", 3], "lsm_state": [0, 0, 0, 1, 1, 1, 1]}
2021/10/27-11:04:58.649937 116c47e00 [/db_impl/db_impl.cc:473] Shutdown: canceling all background work
2021/10/27-11:04:58.650371 116c47e00 [/db_impl/db_impl.cc:685] Shutdown complete
